0000000000000000 0000000000000000 1 0000 0 1111111111111111 1 0 0
0000000000000000 1111111111111111 1 0000 0 1111111111111111 1 0 0
0000000000000000 1010010110100101 1 0000 0 1111111111111111 1 0 0
0000000000000000 0101101001011010 1 0000 0 1111111111111111 1 0 0
1111111111111111 0000000000000000 1 0000 0 0000000000000000 1 0 1
1111111111111111 1111111111111111 1 0000 0 0000000000000000 1 0 1
1111111111111111 1010010110100101 1 0000 0 0000000000000000 1 0 1
1111111111111111 0101101001011010 1 0000 0 0000000000000000 1 0 1
1010010110100101 0000000000000000 1 0000 0 0101101001011010 1 0 0
1010010110100101 1111111111111111 1 0000 0 0101101001011010 1 0 0
1010010110100101 1010010110100101 1 0000 0 0101101001011010 1 0 0
1010010110100101 0101101001011010 1 0000 0 0101101001011010 1 0 0
0101101001011010 0000000000000000 1 0000 0 1010010110100101 1 0 0
0101101001011010 1111111111111111 1 0000 0 1010010110100101 1 0 0
0101101001011010 1010010110100101 1 0000 0 1010010110100101 1 0 0
0101101001011010 0101101001011010 1 0000 0 1010010110100101 1 0 0
0000000000000000 0000000000000000 1 0001 0 1111111111111111 1 0 0
0000000000000000 1111111111111111 1 0001 0 0000000000000000 1 0 1
0000000000000000 1010010110100101 1 0001 0 0101101001011010 1 0 0
0000000000000000 0101101001011010 1 0001 0 1010010110100101 1 0 0
1111111111111111 0000000000000000 1 0001 0 0000000000000000 1 0 1
1111111111111111 1111111111111111 1 0001 0 0000000000000000 1 0 1
1111111111111111 1010010110100101 1 0001 0 0000000000000000 1 0 1
1111111111111111 0101101001011010 1 0001 0 0000000000000000 1 0 1
1010010110100101 0000000000000000 1 0001 0 0101101001011010 1 0 0
1010010110100101 1111111111111111 1 0001 0 0000000000000000 1 0 1
1010010110100101 1010010110100101 1 0001 0 0101101001011010 1 0 0
1010010110100101 0101101001011010 1 0001 0 0000000000000000 1 0 1
0101101001011010 0000000000000000 1 0001 0 1010010110100101 1 0 0
0101101001011010 1111111111111111 1 0001 0 0000000000000000 1 0 1
0101101001011010 1010010110100101 1 0001 0 0000000000000000 1 0 1
0101101001011010 0101101001011010 1 0001 0 1010010110100101 1 0 0
0000000000000000 0000000000000000 1 0010 0 0000000000000000 1 0 1
0000000000000000 1111111111111111 1 0010 0 1111111111111111 1 0 0
0000000000000000 1010010110100101 1 0010 0 1010010110100101 1 0 0
0000000000000000 0101101001011010 1 0010 0 0101101001011010 1 0 0
1111111111111111 0000000000000000 1 0010 0 0000000000000000 1 0 1
1111111111111111 1111111111111111 1 0010 0 0000000000000000 1 0 1
1111111111111111 1010010110100101 1 0010 0 0000000000000000 1 0 1
1111111111111111 0101101001011010 1 0010 0 0000000000000000 1 0 1
1010010110100101 0000000000000000 1 0010 0 0000000000000000 1 0 1
1010010110100101 1111111111111111 1 0010 0 0101101001011010 1 0 0
1010010110100101 1010010110100101 1 0010 0 0000000000000000 1 0 1
1010010110100101 0101101001011010 1 0010 0 0101101001011010 1 0 0
0101101001011010 0000000000000000 1 0010 0 0000000000000000 1 0 1
0101101001011010 1111111111111111 1 0010 0 1010010110100101 1 0 0
0101101001011010 1010010110100101 1 0010 0 1010010110100101 1 0 0
0101101001011010 0101101001011010 1 0010 0 0000000000000000 1 0 1
0000000000000000 0000000000000000 1 0011 0 0000000000000000 1 0 1
0000000000000000 1111111111111111 1 0011 0 0000000000000000 1 0 1
0000000000000000 1010010110100101 1 0011 0 0000000000000000 1 0 1
0000000000000000 0101101001011010 1 0011 0 0000000000000000 1 0 1
1111111111111111 0000000000000000 1 0011 0 0000000000000000 1 0 1
1111111111111111 1111111111111111 1 0011 0 0000000000000000 1 0 1
1111111111111111 1010010110100101 1 0011 0 0000000000000000 1 0 1
1111111111111111 0101101001011010 1 0011 0 0000000000000000 1 0 1
1010010110100101 0000000000000000 1 0011 0 0000000000000000 1 0 1
1010010110100101 1111111111111111 1 0011 0 0000000000000000 1 0 1
1010010110100101 1010010110100101 1 0011 0 0000000000000000 1 0 1
1010010110100101 0101101001011010 1 0011 0 0000000000000000 1 0 1
0101101001011010 0000000000000000 1 0011 0 0000000000000000 1 0 1
0101101001011010 1111111111111111 1 0011 0 0000000000000000 1 0 1
0101101001011010 1010010110100101 1 0011 0 0000000000000000 1 0 1
0101101001011010 0101101001011010 1 0011 0 0000000000000000 1 0 1
0000000000000000 0000000000000000 1 0100 0 1111111111111111 1 0 0
0000000000000000 1111111111111111 1 0100 0 1111111111111111 1 0 0
0000000000000000 1010010110100101 1 0100 0 1111111111111111 1 0 0
0000000000000000 0101101001011010 1 0100 0 1111111111111111 1 0 0
1111111111111111 0000000000000000 1 0100 0 1111111111111111 1 1 1
1111111111111111 1111111111111111 1 0100 0 0000000000000000 1 0 1
1111111111111111 1010010110100101 1 0100 0 0101101001011010 1 1 1
1111111111111111 0101101001011010 1 0100 0 1010010110100101 1 1 1
1010010110100101 0000000000000000 1 0100 0 1111111111111111 1 1 1
1010010110100101 1111111111111111 1 0100 0 0101101001011010 1 0 0
1010010110100101 1010010110100101 1 0100 0 0101101001011010 1 0 0
1010010110100101 0101101001011010 1 0100 0 1111111111111111 1 1 1
0101101001011010 0000000000000000 1 0100 0 1111111111111111 1 1 0
0101101001011010 1111111111111111 1 0100 0 1010010110100101 1 0 0
0101101001011010 1010010110100101 1 0100 0 1111111111111111 1 1 0
0101101001011010 0101101001011010 1 0100 0 1010010110100101 1 0 0
0000000000000000 0000000000000000 1 0101 0 1111111111111111 1 0 0
0000000000000000 1111111111111111 1 0101 0 0000000000000000 1 0 1
0000000000000000 1010010110100101 1 0101 0 0101101001011010 1 0 0
0000000000000000 0101101001011010 1 0101 0 1010010110100101 1 0 0
1111111111111111 0000000000000000 1 0101 0 1111111111111111 1 1 1
1111111111111111 1111111111111111 1 0101 0 0000000000000000 1 0 1
1111111111111111 1010010110100101 1 0101 0 0101101001011010 1 1 1
1111111111111111 0101101001011010 1 0101 0 1010010110100101 1 1 1
1010010110100101 0000000000000000 1 0101 0 1111111111111111 1 1 1
1010010110100101 1111111111111111 1 0101 0 0000000000000000 1 0 1
1010010110100101 1010010110100101 1 0101 0 0101101001011010 1 0 0
1010010110100101 0101101001011010 1 0101 0 1010010110100101 1 1 1
0101101001011010 0000000000000000 1 0101 0 1111111111111111 1 1 0
0101101001011010 1111111111111111 1 0101 0 0000000000000000 1 0 1
0101101001011010 1010010110100101 1 0101 0 0101101001011010 1 1 1
0101101001011010 0101101001011010 1 0101 0 1010010110100101 1 0 0
0000000000000000 0000000000000000 1 0110 0 0000000000000000 1 0 1
0000000000000000 1111111111111111 1 0110 0 1111111111111111 1 0 0
0000000000000000 1010010110100101 1 0110 0 1010010110100101 1 0 0
0000000000000000 0101101001011010 1 0110 0 0101101001011010 1 0 0
1111111111111111 0000000000000000 1 0110 0 1111111111111111 1 1 1
1111111111111111 1111111111111111 1 0110 0 0000000000000000 1 0 1
1111111111111111 1010010110100101 1 0110 0 0101101001011010 1 1 1
1111111111111111 0101101001011010 1 0110 0 1010010110100101 1 1 1
1010010110100101 0000000000000000 1 0110 0 1010010110100101 1 1 1
1010010110100101 1111111111111111 1 0110 0 0101101001011010 1 0 0
1010010110100101 1010010110100101 1 0110 0 0000000000000000 1 0 1
1010010110100101 0101101001011010 1 0110 0 1111111111111111 1 1 1
0101101001011010 0000000000000000 1 0110 0 0101101001011010 1 1 1
0101101001011010 1111111111111111 1 0110 0 1010010110100101 1 0 0
0101101001011010 1010010110100101 1 0110 0 1111111111111111 1 1 0
0101101001011010 0101101001011010 1 0110 0 0000000000000000 1 0 1
0000000000000000 0000000000000000 1 0111 0 0000000000000000 1 0 1
0000000000000000 1111111111111111 1 0111 0 0000000000000000 1 0 1
0000000000000000 1010010110100101 1 0111 0 0000000000000000 1 0 1
0000000000000000 0101101001011010 1 0111 0 0000000000000000 1 0 1
1111111111111111 0000000000000000 1 0111 0 1111111111111111 1 1 1
1111111111111111 1111111111111111 1 0111 0 0000000000000000 1 0 1
1111111111111111 1010010110100101 1 0111 0 0101101001011010 1 1 1
1111111111111111 0101101001011010 1 0111 0 1010010110100101 1 1 1
1010010110100101 0000000000000000 1 0111 0 1010010110100101 1 1 1
1010010110100101 1111111111111111 1 0111 0 0000000000000000 1 0 1
1010010110100101 1010010110100101 1 0111 0 0000000000000000 1 0 1
1010010110100101 0101101001011010 1 0111 0 1010010110100101 1 1 1
0101101001011010 0000000000000000 1 0111 0 0101101001011010 1 1 1
0101101001011010 1111111111111111 1 0111 0 0000000000000000 1 0 1
0101101001011010 1010010110100101 1 0111 0 0101101001011010 1 1 1
0101101001011010 0101101001011010 1 0111 0 0000000000000000 1 0 1
0000000000000000 0000000000000000 1 1000 0 1111111111111111 1 0 0
0000000000000000 1111111111111111 1 1000 0 1111111111111111 1 0 0
0000000000000000 1010010110100101 1 1000 0 1111111111111111 1 0 0
0000000000000000 0101101001011010 1 1000 0 1111111111111111 1 0 0
1111111111111111 0000000000000000 1 1000 0 0000000000000000 1 0 1
1111111111111111 1111111111111111 1 1000 0 1111111111111111 1 1 1
1111111111111111 1010010110100101 1 1000 0 1010010110100101 1 1 1
1111111111111111 0101101001011010 1 1000 0 0101101001011010 1 1 1
1010010110100101 0000000000000000 1 1000 0 0101101001011010 1 0 0
1010010110100101 1111111111111111 1 1000 0 1111111111111111 1 1 1
1010010110100101 1010010110100101 1 1000 0 1111111111111111 1 1 1
1010010110100101 0101101001011010 1 1000 0 0101101001011010 1 0 0
0101101001011010 0000000000000000 1 1000 0 1010010110100101 1 0 0
0101101001011010 1111111111111111 1 1000 0 1111111111111111 1 1 0
0101101001011010 1010010110100101 1 1000 0 1010010110100101 1 0 0
0101101001011010 0101101001011010 1 1000 0 1111111111111111 1 1 0
0000000000000000 0000000000000000 1 1001 0 1111111111111111 1 0 0
0000000000000000 1111111111111111 1 1001 0 0000000000000000 1 0 1
0000000000000000 1010010110100101 1 1001 0 0101101001011010 1 0 0
0000000000000000 0101101001011010 1 1001 0 1010010110100101 1 0 0
1111111111111111 0000000000000000 1 1001 0 0000000000000000 1 0 1
1111111111111111 1111111111111111 1 1001 0 1111111111111111 1 1 1
1111111111111111 1010010110100101 1 1001 0 1010010110100101 1 1 1
1111111111111111 0101101001011010 1 1001 0 0101101001011010 1 1 1
1010010110100101 0000000000000000 1 1001 0 0101101001011010 1 0 0
1010010110100101 1111111111111111 1 1001 0 1010010110100101 1 1 1
1010010110100101 1010010110100101 1 1001 0 1111111111111111 1 1 1
1010010110100101 0101101001011010 1 1001 0 0000000000000000 1 0 1
0101101001011010 0000000000000000 1 1001 0 1010010110100101 1 0 0
0101101001011010 1111111111111111 1 1001 0 0101101001011010 1 1 1
0101101001011010 1010010110100101 1 1001 0 0000000000000000 1 0 1
0101101001011010 0101101001011010 1 1001 0 1111111111111111 1 1 0
0000000000000000 0000000000000000 1 1010 0 0000000000000000 1 0 1
0000000000000000 1111111111111111 1 1010 0 1111111111111111 1 0 0
0000000000000000 1010010110100101 1 1010 0 1010010110100101 1 0 0
0000000000000000 0101101001011010 1 1010 0 0101101001011010 1 0 0
1111111111111111 0000000000000000 1 1010 0 0000000000000000 1 0 1
1111111111111111 1111111111111111 1 1010 0 1111111111111111 1 1 1
1111111111111111 1010010110100101 1 1010 0 1010010110100101 1 1 1
1111111111111111 0101101001011010 1 1010 0 0101101001011010 1 1 1
1010010110100101 0000000000000000 1 1010 0 0000000000000000 1 0 1
1010010110100101 1111111111111111 1 1010 0 1111111111111111 1 1 1
1010010110100101 1010010110100101 1 1010 0 1010010110100101 1 1 1
1010010110100101 0101101001011010 1 1010 0 0101101001011010 1 0 0
0101101001011010 0000000000000000 1 1010 0 0000000000000000 1 0 1
0101101001011010 1111111111111111 1 1010 0 1111111111111111 1 1 0
0101101001011010 1010010110100101 1 1010 0 1010010110100101 1 0 0
0101101001011010 0101101001011010 1 1010 0 0101101001011010 1 1 1
0000000000000000 0000000000000000 1 1011 0 0000000000000000 1 0 1
0000000000000000 1111111111111111 1 1011 0 0000000000000000 1 0 1
0000000000000000 1010010110100101 1 1011 0 0000000000000000 1 0 1
0000000000000000 0101101001011010 1 1011 0 0000000000000000 1 0 1
1111111111111111 0000000000000000 1 1011 0 0000000000000000 1 0 1
1111111111111111 1111111111111111 1 1011 0 1111111111111111 1 1 1
1111111111111111 1010010110100101 1 1011 0 1010010110100101 1 1 1
1111111111111111 0101101001011010 1 1011 0 0101101001011010 1 1 1
1010010110100101 0000000000000000 1 1011 0 0000000000000000 1 0 1
1010010110100101 1111111111111111 1 1011 0 1010010110100101 1 1 1
1010010110100101 1010010110100101 1 1011 0 1010010110100101 1 1 1
1010010110100101 0101101001011010 1 1011 0 0000000000000000 1 0 1
0101101001011010 0000000000000000 1 1011 0 0000000000000000 1 0 1
0101101001011010 1111111111111111 1 1011 0 0101101001011010 1 1 1
0101101001011010 1010010110100101 1 1011 0 0000000000000000 1 0 1
0101101001011010 0101101001011010 1 1011 0 0101101001011010 1 1 1
0000000000000000 0000000000000000 1 1100 0 1111111111111111 1 0 0
0000000000000000 1111111111111111 1 1100 0 1111111111111111 1 0 0
0000000000000000 1010010110100101 1 1100 0 1111111111111111 1 0 0
0000000000000000 0101101001011010 1 1100 0 1111111111111111 1 0 0
1111111111111111 0000000000000000 1 1100 0 1111111111111111 1 1 1
1111111111111111 1111111111111111 1 1100 0 1111111111111111 1 1 1
1111111111111111 1010010110100101 1 1100 0 1111111111111111 1 1 1
1111111111111111 0101101001011010 1 1100 0 1111111111111111 1 1 1
1010010110100101 0000000000000000 1 1100 0 1111111111111111 1 1 1
1010010110100101 1111111111111111 1 1100 0 1111111111111111 1 1 1
1010010110100101 1010010110100101 1 1100 0 1111111111111111 1 1 1
1010010110100101 0101101001011010 1 1100 0 1111111111111111 1 1 1
0101101001011010 0000000000000000 1 1100 0 1111111111111111 1 1 0
0101101001011010 1111111111111111 1 1100 0 1111111111111111 1 1 0
0101101001011010 1010010110100101 1 1100 0 1111111111111111 1 1 0
0101101001011010 0101101001011010 1 1100 0 1111111111111111 1 1 0
0000000000000000 0000000000000000 1 1101 0 1111111111111111 1 0 0
0000000000000000 1111111111111111 1 1101 0 0000000000000000 1 0 1
0000000000000000 1010010110100101 1 1101 0 0101101001011010 1 0 0
0000000000000000 0101101001011010 1 1101 0 1010010110100101 1 0 0
1111111111111111 0000000000000000 1 1101 0 1111111111111111 1 1 1
1111111111111111 1111111111111111 1 1101 0 1111111111111111 1 1 1
1111111111111111 1010010110100101 1 1101 0 1111111111111111 1 1 1
1111111111111111 0101101001011010 1 1101 0 1111111111111111 1 1 1
1010010110100101 0000000000000000 1 1101 0 1111111111111111 1 1 1
1010010110100101 1111111111111111 1 1101 0 1010010110100101 1 1 1
1010010110100101 1010010110100101 1 1101 0 1111111111111111 1 1 1
1010010110100101 0101101001011010 1 1101 0 1010010110100101 1 1 1
0101101001011010 0000000000000000 1 1101 0 1111111111111111 1 1 0
0101101001011010 1111111111111111 1 1101 0 0101101001011010 1 1 1
0101101001011010 1010010110100101 1 1101 0 0101101001011010 1 1 1
0101101001011010 0101101001011010 1 1101 0 1111111111111111 1 1 0
0000000000000000 0000000000000000 1 1110 0 0000000000000000 1 0 1
0000000000000000 1111111111111111 1 1110 0 1111111111111111 1 0 0
0000000000000000 1010010110100101 1 1110 0 1010010110100101 1 0 0
0000000000000000 0101101001011010 1 1110 0 0101101001011010 1 0 0
1111111111111111 0000000000000000 1 1110 0 1111111111111111 1 1 1
1111111111111111 1111111111111111 1 1110 0 1111111111111111 1 1 1
1111111111111111 1010010110100101 1 1110 0 1111111111111111 1 1 1
1111111111111111 0101101001011010 1 1110 0 1111111111111111 1 1 1
1010010110100101 0000000000000000 1 1110 0 1010010110100101 1 1 1
1010010110100101 1111111111111111 1 1110 0 1111111111111111 1 1 1
1010010110100101 1010010110100101 1 1110 0 1010010110100101 1 1 1
1010010110100101 0101101001011010 1 1110 0 1111111111111111 1 1 1
0101101001011010 0000000000000000 1 1110 0 0101101001011010 1 1 1
0101101001011010 1111111111111111 1 1110 0 1111111111111111 1 1 0
0101101001011010 1010010110100101 1 1110 0 1111111111111111 1 1 0
0101101001011010 0101101001011010 1 1110 0 0101101001011010 1 1 1
0000000000000000 0000000000000000 1 1111 0 0000000000000000 1 0 1
0000000000000000 1111111111111111 1 1111 0 0000000000000000 1 0 1
0000000000000000 1010010110100101 1 1111 0 0000000000000000 1 0 1
0000000000000000 0101101001011010 1 1111 0 0000000000000000 1 0 1
1111111111111111 0000000000000000 1 1111 0 1111111111111111 1 1 1
1111111111111111 1111111111111111 1 1111 0 1111111111111111 1 1 1
1111111111111111 1010010110100101 1 1111 0 1111111111111111 1 1 1
1111111111111111 0101101001011010 1 1111 0 1111111111111111 1 1 1
1010010110100101 0000000000000000 1 1111 0 1010010110100101 1 1 1
1010010110100101 1111111111111111 1 1111 0 1010010110100101 1 1 1
1010010110100101 1010010110100101 1 1111 0 1010010110100101 1 1 1
1010010110100101 0101101001011010 1 1111 0 1010010110100101 1 1 1
0101101001011010 0000000000000000 1 1111 0 0101101001011010 1 1 1
0101101001011010 1111111111111111 1 1111 0 0101101001011010 1 1 1
0101101001011010 1010010110100101 1 1111 0 0101101001011010 1 1 1
0101101001011010 0101101001011010 1 1111 0 0101101001011010 1 1 1
0000000000000000 0000000000000000 1 0000 1 1111111111111111 1 0 0
0000000000000000 1111111111111111 1 0000 1 1111111111111111 1 0 0
0000000000000000 1010010110100101 1 0000 1 1111111111111111 1 0 0
0000000000000000 0101101001011010 1 0000 1 1111111111111111 1 0 0
1111111111111111 0000000000000000 1 0000 1 0000000000000000 1 0 1
1111111111111111 1111111111111111 1 0000 1 0000000000000000 1 0 1
1111111111111111 1010010110100101 1 0000 1 0000000000000000 1 0 1
1111111111111111 0101101001011010 1 0000 1 0000000000000000 1 0 1
1010010110100101 0000000000000000 1 0000 1 0101101001011010 1 0 0
1010010110100101 1111111111111111 1 0000 1 0101101001011010 1 0 0
1010010110100101 1010010110100101 1 0000 1 0101101001011010 1 0 0
1010010110100101 0101101001011010 1 0000 1 0101101001011010 1 0 0
0101101001011010 0000000000000000 1 0000 1 1010010110100101 1 0 0
0101101001011010 1111111111111111 1 0000 1 1010010110100101 1 0 0
0101101001011010 1010010110100101 1 0000 1 1010010110100101 1 0 0
0101101001011010 0101101001011010 1 0000 1 1010010110100101 1 0 0
0000000000000000 0000000000000000 1 0001 1 1111111111111111 1 0 0
0000000000000000 1111111111111111 1 0001 1 0000000000000000 1 0 1
0000000000000000 1010010110100101 1 0001 1 0101101001011010 1 0 0
0000000000000000 0101101001011010 1 0001 1 1010010110100101 1 0 0
1111111111111111 0000000000000000 1 0001 1 0000000000000000 1 0 1
1111111111111111 1111111111111111 1 0001 1 0000000000000000 1 0 1
1111111111111111 1010010110100101 1 0001 1 0000000000000000 1 0 1
1111111111111111 0101101001011010 1 0001 1 0000000000000000 1 0 1
1010010110100101 0000000000000000 1 0001 1 0101101001011010 1 0 0
1010010110100101 1111111111111111 1 0001 1 0000000000000000 1 0 1
1010010110100101 1010010110100101 1 0001 1 0101101001011010 1 0 0
1010010110100101 0101101001011010 1 0001 1 0000000000000000 1 0 1
0101101001011010 0000000000000000 1 0001 1 1010010110100101 1 0 0
0101101001011010 1111111111111111 1 0001 1 0000000000000000 1 0 1
0101101001011010 1010010110100101 1 0001 1 0000000000000000 1 0 1
0101101001011010 0101101001011010 1 0001 1 1010010110100101 1 0 0
0000000000000000 0000000000000000 1 0010 1 0000000000000000 1 0 1
0000000000000000 1111111111111111 1 0010 1 1111111111111111 1 0 0
0000000000000000 1010010110100101 1 0010 1 1010010110100101 1 0 0
0000000000000000 0101101001011010 1 0010 1 0101101001011010 1 0 0
1111111111111111 0000000000000000 1 0010 1 0000000000000000 1 0 1
1111111111111111 1111111111111111 1 0010 1 0000000000000000 1 0 1
1111111111111111 1010010110100101 1 0010 1 0000000000000000 1 0 1
1111111111111111 0101101001011010 1 0010 1 0000000000000000 1 0 1
1010010110100101 0000000000000000 1 0010 1 0000000000000000 1 0 1
1010010110100101 1111111111111111 1 0010 1 0101101001011010 1 0 0
1010010110100101 1010010110100101 1 0010 1 0000000000000000 1 0 1
1010010110100101 0101101001011010 1 0010 1 0101101001011010 1 0 0
0101101001011010 0000000000000000 1 0010 1 0000000000000000 1 0 1
0101101001011010 1111111111111111 1 0010 1 1010010110100101 1 0 0
0101101001011010 1010010110100101 1 0010 1 1010010110100101 1 0 0
0101101001011010 0101101001011010 1 0010 1 0000000000000000 1 0 1
0000000000000000 0000000000000000 1 0011 1 0000000000000000 1 0 1
0000000000000000 1111111111111111 1 0011 1 0000000000000000 1 0 1
0000000000000000 1010010110100101 1 0011 1 0000000000000000 1 0 1
0000000000000000 0101101001011010 1 0011 1 0000000000000000 1 0 1
1111111111111111 0000000000000000 1 0011 1 0000000000000000 1 0 1
1111111111111111 1111111111111111 1 0011 1 0000000000000000 1 0 1
1111111111111111 1010010110100101 1 0011 1 0000000000000000 1 0 1
1111111111111111 0101101001011010 1 0011 1 0000000000000000 1 0 1
1010010110100101 0000000000000000 1 0011 1 0000000000000000 1 0 1
1010010110100101 1111111111111111 1 0011 1 0000000000000000 1 0 1
1010010110100101 1010010110100101 1 0011 1 0000000000000000 1 0 1
1010010110100101 0101101001011010 1 0011 1 0000000000000000 1 0 1
0101101001011010 0000000000000000 1 0011 1 0000000000000000 1 0 1
0101101001011010 1111111111111111 1 0011 1 0000000000000000 1 0 1
0101101001011010 1010010110100101 1 0011 1 0000000000000000 1 0 1
0101101001011010 0101101001011010 1 0011 1 0000000000000000 1 0 1
0000000000000000 0000000000000000 1 0100 1 1111111111111111 1 0 0
0000000000000000 1111111111111111 1 0100 1 1111111111111111 1 0 0
0000000000000000 1010010110100101 1 0100 1 1111111111111111 1 0 0
0000000000000000 0101101001011010 1 0100 1 1111111111111111 1 0 0
1111111111111111 0000000000000000 1 0100 1 1111111111111111 1 1 1
1111111111111111 1111111111111111 1 0100 1 0000000000000000 1 0 1
1111111111111111 1010010110100101 1 0100 1 0101101001011010 1 1 1
1111111111111111 0101101001011010 1 0100 1 1010010110100101 1 1 1
1010010110100101 0000000000000000 1 0100 1 1111111111111111 1 1 1
1010010110100101 1111111111111111 1 0100 1 0101101001011010 1 0 0
1010010110100101 1010010110100101 1 0100 1 0101101001011010 1 0 0
1010010110100101 0101101001011010 1 0100 1 1111111111111111 1 1 1
0101101001011010 0000000000000000 1 0100 1 1111111111111111 1 1 0
0101101001011010 1111111111111111 1 0100 1 1010010110100101 1 0 0
0101101001011010 1010010110100101 1 0100 1 1111111111111111 1 1 0
0101101001011010 0101101001011010 1 0100 1 1010010110100101 1 0 0
0000000000000000 0000000000000000 1 0101 1 1111111111111111 1 0 0
0000000000000000 1111111111111111 1 0101 1 0000000000000000 1 0 1
0000000000000000 1010010110100101 1 0101 1 0101101001011010 1 0 0
0000000000000000 0101101001011010 1 0101 1 1010010110100101 1 0 0
1111111111111111 0000000000000000 1 0101 1 1111111111111111 1 1 1
1111111111111111 1111111111111111 1 0101 1 0000000000000000 1 0 1
1111111111111111 1010010110100101 1 0101 1 0101101001011010 1 1 1
1111111111111111 0101101001011010 1 0101 1 1010010110100101 1 1 1
1010010110100101 0000000000000000 1 0101 1 1111111111111111 1 1 1
1010010110100101 1111111111111111 1 0101 1 0000000000000000 1 0 1
1010010110100101 1010010110100101 1 0101 1 0101101001011010 1 0 0
1010010110100101 0101101001011010 1 0101 1 1010010110100101 1 1 1
0101101001011010 0000000000000000 1 0101 1 1111111111111111 1 1 0
0101101001011010 1111111111111111 1 0101 1 0000000000000000 1 0 1
0101101001011010 1010010110100101 1 0101 1 0101101001011010 1 1 1
0101101001011010 0101101001011010 1 0101 1 1010010110100101 1 0 0
0000000000000000 0000000000000000 1 0110 1 0000000000000000 1 0 1
0000000000000000 1111111111111111 1 0110 1 1111111111111111 1 0 0
0000000000000000 1010010110100101 1 0110 1 1010010110100101 1 0 0
0000000000000000 0101101001011010 1 0110 1 0101101001011010 1 0 0
1111111111111111 0000000000000000 1 0110 1 1111111111111111 1 1 1
1111111111111111 1111111111111111 1 0110 1 0000000000000000 1 0 1
1111111111111111 1010010110100101 1 0110 1 0101101001011010 1 1 1
1111111111111111 0101101001011010 1 0110 1 1010010110100101 1 1 1
1010010110100101 0000000000000000 1 0110 1 1010010110100101 1 1 1
1010010110100101 1111111111111111 1 0110 1 0101101001011010 1 0 0
1010010110100101 1010010110100101 1 0110 1 0000000000000000 1 0 1
1010010110100101 0101101001011010 1 0110 1 1111111111111111 1 1 1
0101101001011010 0000000000000000 1 0110 1 0101101001011010 1 1 1
0101101001011010 1111111111111111 1 0110 1 1010010110100101 1 0 0
0101101001011010 1010010110100101 1 0110 1 1111111111111111 1 1 0
0101101001011010 0101101001011010 1 0110 1 0000000000000000 1 0 1
0000000000000000 0000000000000000 1 0111 1 0000000000000000 1 0 1
0000000000000000 1111111111111111 1 0111 1 0000000000000000 1 0 1
0000000000000000 1010010110100101 1 0111 1 0000000000000000 1 0 1
0000000000000000 0101101001011010 1 0111 1 0000000000000000 1 0 1
1111111111111111 0000000000000000 1 0111 1 1111111111111111 1 1 1
1111111111111111 1111111111111111 1 0111 1 0000000000000000 1 0 1
1111111111111111 1010010110100101 1 0111 1 0101101001011010 1 1 1
1111111111111111 0101101001011010 1 0111 1 1010010110100101 1 1 1
1010010110100101 0000000000000000 1 0111 1 1010010110100101 1 1 1
1010010110100101 1111111111111111 1 0111 1 0000000000000000 1 0 1
1010010110100101 1010010110100101 1 0111 1 0000000000000000 1 0 1
1010010110100101 0101101001011010 1 0111 1 1010010110100101 1 1 1
0101101001011010 0000000000000000 1 0111 1 0101101001011010 1 1 1
0101101001011010 1111111111111111 1 0111 1 0000000000000000 1 0 1
0101101001011010 1010010110100101 1 0111 1 0101101001011010 1 1 1
0101101001011010 0101101001011010 1 0111 1 0000000000000000 1 0 1
0000000000000000 0000000000000000 1 1000 1 1111111111111111 1 0 0
0000000000000000 1111111111111111 1 1000 1 1111111111111111 1 0 0
0000000000000000 1010010110100101 1 1000 1 1111111111111111 1 0 0
0000000000000000 0101101001011010 1 1000 1 1111111111111111 1 0 0
1111111111111111 0000000000000000 1 1000 1 0000000000000000 1 0 1
1111111111111111 1111111111111111 1 1000 1 1111111111111111 1 1 1
1111111111111111 1010010110100101 1 1000 1 1010010110100101 1 1 1
1111111111111111 0101101001011010 1 1000 1 0101101001011010 1 1 1
1010010110100101 0000000000000000 1 1000 1 0101101001011010 1 0 0
1010010110100101 1111111111111111 1 1000 1 1111111111111111 1 1 1
1010010110100101 1010010110100101 1 1000 1 1111111111111111 1 1 1
1010010110100101 0101101001011010 1 1000 1 0101101001011010 1 0 0
0101101001011010 0000000000000000 1 1000 1 1010010110100101 1 0 0
0101101001011010 1111111111111111 1 1000 1 1111111111111111 1 1 0
0101101001011010 1010010110100101 1 1000 1 1010010110100101 1 0 0
0101101001011010 0101101001011010 1 1000 1 1111111111111111 1 1 0
0000000000000000 0000000000000000 1 1001 1 1111111111111111 1 0 0
0000000000000000 1111111111111111 1 1001 1 0000000000000000 1 0 1
0000000000000000 1010010110100101 1 1001 1 0101101001011010 1 0 0
0000000000000000 0101101001011010 1 1001 1 1010010110100101 1 0 0
1111111111111111 0000000000000000 1 1001 1 0000000000000000 1 0 1
1111111111111111 1111111111111111 1 1001 1 1111111111111111 1 1 1
1111111111111111 1010010110100101 1 1001 1 1010010110100101 1 1 1
1111111111111111 0101101001011010 1 1001 1 0101101001011010 1 1 1
1010010110100101 0000000000000000 1 1001 1 0101101001011010 1 0 0
1010010110100101 1111111111111111 1 1001 1 1010010110100101 1 1 1
1010010110100101 1010010110100101 1 1001 1 1111111111111111 1 1 1
1010010110100101 0101101001011010 1 1001 1 0000000000000000 1 0 1
0101101001011010 0000000000000000 1 1001 1 1010010110100101 1 0 0
0101101001011010 1111111111111111 1 1001 1 0101101001011010 1 1 1
0101101001011010 1010010110100101 1 1001 1 0000000000000000 1 0 1
0101101001011010 0101101001011010 1 1001 1 1111111111111111 1 1 0
0000000000000000 0000000000000000 1 1010 1 0000000000000000 1 0 1
0000000000000000 1111111111111111 1 1010 1 1111111111111111 1 0 0
0000000000000000 1010010110100101 1 1010 1 1010010110100101 1 0 0
0000000000000000 0101101001011010 1 1010 1 0101101001011010 1 0 0
1111111111111111 0000000000000000 1 1010 1 0000000000000000 1 0 1
1111111111111111 1111111111111111 1 1010 1 1111111111111111 1 1 1
1111111111111111 1010010110100101 1 1010 1 1010010110100101 1 1 1
1111111111111111 0101101001011010 1 1010 1 0101101001011010 1 1 1
1010010110100101 0000000000000000 1 1010 1 0000000000000000 1 0 1
1010010110100101 1111111111111111 1 1010 1 1111111111111111 1 1 1
1010010110100101 1010010110100101 1 1010 1 1010010110100101 1 1 1
1010010110100101 0101101001011010 1 1010 1 0101101001011010 1 0 0
0101101001011010 0000000000000000 1 1010 1 0000000000000000 1 0 1
0101101001011010 1111111111111111 1 1010 1 1111111111111111 1 1 0
0101101001011010 1010010110100101 1 1010 1 1010010110100101 1 0 0
0101101001011010 0101101001011010 1 1010 1 0101101001011010 1 1 1
0000000000000000 0000000000000000 1 1011 1 0000000000000000 1 0 1
0000000000000000 1111111111111111 1 1011 1 0000000000000000 1 0 1
0000000000000000 1010010110100101 1 1011 1 0000000000000000 1 0 1
0000000000000000 0101101001011010 1 1011 1 0000000000000000 1 0 1
1111111111111111 0000000000000000 1 1011 1 0000000000000000 1 0 1
1111111111111111 1111111111111111 1 1011 1 1111111111111111 1 1 1
1111111111111111 1010010110100101 1 1011 1 1010010110100101 1 1 1
1111111111111111 0101101001011010 1 1011 1 0101101001011010 1 1 1
1010010110100101 0000000000000000 1 1011 1 0000000000000000 1 0 1
1010010110100101 1111111111111111 1 1011 1 1010010110100101 1 1 1
1010010110100101 1010010110100101 1 1011 1 1010010110100101 1 1 1
1010010110100101 0101101001011010 1 1011 1 0000000000000000 1 0 1
0101101001011010 0000000000000000 1 1011 1 0000000000000000 1 0 1
0101101001011010 1111111111111111 1 1011 1 0101101001011010 1 1 1
0101101001011010 1010010110100101 1 1011 1 0000000000000000 1 0 1
0101101001011010 0101101001011010 1 1011 1 0101101001011010 1 1 1
0000000000000000 0000000000000000 1 1100 1 1111111111111111 1 0 0
0000000000000000 1111111111111111 1 1100 1 1111111111111111 1 0 0
0000000000000000 1010010110100101 1 1100 1 1111111111111111 1 0 0
0000000000000000 0101101001011010 1 1100 1 1111111111111111 1 0 0
1111111111111111 0000000000000000 1 1100 1 1111111111111111 1 1 1
1111111111111111 1111111111111111 1 1100 1 1111111111111111 1 1 1
1111111111111111 1010010110100101 1 1100 1 1111111111111111 1 1 1
1111111111111111 0101101001011010 1 1100 1 1111111111111111 1 1 1
1010010110100101 0000000000000000 1 1100 1 1111111111111111 1 1 1
1010010110100101 1111111111111111 1 1100 1 1111111111111111 1 1 1
1010010110100101 1010010110100101 1 1100 1 1111111111111111 1 1 1
1010010110100101 0101101001011010 1 1100 1 1111111111111111 1 1 1
0101101001011010 0000000000000000 1 1100 1 1111111111111111 1 1 0
0101101001011010 1111111111111111 1 1100 1 1111111111111111 1 1 0
0101101001011010 1010010110100101 1 1100 1 1111111111111111 1 1 0
0101101001011010 0101101001011010 1 1100 1 1111111111111111 1 1 0
0000000000000000 0000000000000000 1 1101 1 1111111111111111 1 0 0
0000000000000000 1111111111111111 1 1101 1 0000000000000000 1 0 1
0000000000000000 1010010110100101 1 1101 1 0101101001011010 1 0 0
0000000000000000 0101101001011010 1 1101 1 1010010110100101 1 0 0
1111111111111111 0000000000000000 1 1101 1 1111111111111111 1 1 1
1111111111111111 1111111111111111 1 1101 1 1111111111111111 1 1 1
1111111111111111 1010010110100101 1 1101 1 1111111111111111 1 1 1
1111111111111111 0101101001011010 1 1101 1 1111111111111111 1 1 1
1010010110100101 0000000000000000 1 1101 1 1111111111111111 1 1 1
1010010110100101 1111111111111111 1 1101 1 1010010110100101 1 1 1
1010010110100101 1010010110100101 1 1101 1 1111111111111111 1 1 1
1010010110100101 0101101001011010 1 1101 1 1010010110100101 1 1 1
0101101001011010 0000000000000000 1 1101 1 1111111111111111 1 1 0
0101101001011010 1111111111111111 1 1101 1 0101101001011010 1 1 1
0101101001011010 1010010110100101 1 1101 1 0101101001011010 1 1 1
0101101001011010 0101101001011010 1 1101 1 1111111111111111 1 1 0
0000000000000000 0000000000000000 1 1110 1 0000000000000000 1 0 1
0000000000000000 1111111111111111 1 1110 1 1111111111111111 1 0 0
0000000000000000 1010010110100101 1 1110 1 1010010110100101 1 0 0
0000000000000000 0101101001011010 1 1110 1 0101101001011010 1 0 0
1111111111111111 0000000000000000 1 1110 1 1111111111111111 1 1 1
1111111111111111 1111111111111111 1 1110 1 1111111111111111 1 1 1
1111111111111111 1010010110100101 1 1110 1 1111111111111111 1 1 1
1111111111111111 0101101001011010 1 1110 1 1111111111111111 1 1 1
1010010110100101 0000000000000000 1 1110 1 1010010110100101 1 1 1
1010010110100101 1111111111111111 1 1110 1 1111111111111111 1 1 1
1010010110100101 1010010110100101 1 1110 1 1010010110100101 1 1 1
1010010110100101 0101101001011010 1 1110 1 1111111111111111 1 1 1
0101101001011010 0000000000000000 1 1110 1 0101101001011010 1 1 1
0101101001011010 1111111111111111 1 1110 1 1111111111111111 1 1 0
0101101001011010 1010010110100101 1 1110 1 1111111111111111 1 1 0
0101101001011010 0101101001011010 1 1110 1 0101101001011010 1 1 1
0000000000000000 0000000000000000 1 1111 1 0000000000000000 1 0 1
0000000000000000 1111111111111111 1 1111 1 0000000000000000 1 0 1
0000000000000000 1010010110100101 1 1111 1 0000000000000000 1 0 1
0000000000000000 0101101001011010 1 1111 1 0000000000000000 1 0 1
1111111111111111 0000000000000000 1 1111 1 1111111111111111 1 1 1
1111111111111111 1111111111111111 1 1111 1 1111111111111111 1 1 1
1111111111111111 1010010110100101 1 1111 1 1111111111111111 1 1 1
1111111111111111 0101101001011010 1 1111 1 1111111111111111 1 1 1
1010010110100101 0000000000000000 1 1111 1 1010010110100101 1 1 1
1010010110100101 1111111111111111 1 1111 1 1010010110100101 1 1 1
1010010110100101 1010010110100101 1 1111 1 1010010110100101 1 1 1
1010010110100101 0101101001011010 1 1111 1 1010010110100101 1 1 1
0101101001011010 0000000000000000 1 1111 1 0101101001011010 1 1 1
0101101001011010 1111111111111111 1 1111 1 0101101001011010 1 1 1
0101101001011010 1010010110100101 1 1111 1 0101101001011010 1 1 1
0101101001011010 0101101001011010 1 1111 1 0101101001011010 1 1 1
0000000000000000 0000000000000000 0 0000 0 0000000000000001 1 0 0
0000000000000000 1111111111111111 0 0000 0 0000000000000001 1 0 0
0000000000000000 1010010110100101 0 0000 0 0000000000000001 1 0 0
0000000000000000 0101101001011010 0 0000 0 0000000000000001 1 0 0
1111111111111111 0000000000000000 0 0000 0 0000000000000000 1 0 1
1111111111111111 1111111111111111 0 0000 0 0000000000000000 1 0 1
1111111111111111 1010010110100101 0 0000 0 0000000000000000 1 0 1
1111111111111111 0101101001011010 0 0000 0 0000000000000000 1 0 1
1010010110100101 0000000000000000 0 0000 0 1010010110100110 1 0 0
1010010110100101 1111111111111111 0 0000 0 1010010110100110 1 0 0
1010010110100101 1010010110100101 0 0000 0 1010010110100110 1 0 0
1010010110100101 0101101001011010 0 0000 0 1010010110100110 1 0 0
0101101001011010 0000000000000000 0 0000 0 0101101001011011 1 0 0
0101101001011010 1111111111111111 0 0000 0 0101101001011011 1 0 0
0101101001011010 1010010110100101 0 0000 0 0101101001011011 1 0 0
0101101001011010 0101101001011010 0 0000 0 0101101001011011 1 0 0
0000000000000000 0000000000000000 0 0001 0 0000000000000001 1 0 0
0000000000000000 1111111111111111 0 0001 0 0000000000000000 1 0 1
0000000000000000 1010010110100101 0 0001 0 1010010110100110 1 0 0
0000000000000000 0101101001011010 0 0001 0 0101101001011011 1 0 0
1111111111111111 0000000000000000 0 0001 0 0000000000000000 1 0 1
1111111111111111 1111111111111111 0 0001 0 0000000000000000 1 0 1
1111111111111111 1010010110100101 0 0001 0 0000000000000000 1 0 1
1111111111111111 0101101001011010 0 0001 0 0000000000000000 1 0 1
1010010110100101 0000000000000000 0 0001 0 1010010110100110 1 0 0
1010010110100101 1111111111111111 0 0001 0 0000000000000000 1 0 1
1010010110100101 1010010110100101 0 0001 0 1010010110100110 1 0 0
1010010110100101 0101101001011010 0 0001 0 0000000000000000 1 0 1
0101101001011010 0000000000000000 0 0001 0 0101101001011011 1 0 0
0101101001011010 1111111111111111 0 0001 0 0000000000000000 1 0 1
0101101001011010 1010010110100101 0 0001 0 0000000000000000 1 0 1
0101101001011010 0101101001011010 0 0001 0 0101101001011011 1 0 0
0000000000000000 0000000000000000 0 0010 0 0000000000000000 1 0 1
0000000000000000 1111111111111111 0 0010 0 0000000000000001 1 0 0
0000000000000000 1010010110100101 0 0010 0 0101101001011011 1 0 0
0000000000000000 0101101001011010 0 0010 0 1010010110100110 1 0 0
1111111111111111 0000000000000000 0 0010 0 0000000000000000 1 0 1
1111111111111111 1111111111111111 0 0010 0 0000000000000000 1 0 1
1111111111111111 1010010110100101 0 0010 0 0000000000000000 1 0 1
1111111111111111 0101101001011010 0 0010 0 0000000000000000 1 0 1
1010010110100101 0000000000000000 0 0010 0 0000000000000000 1 0 1
1010010110100101 1111111111111111 0 0010 0 1010010110100110 1 0 0
1010010110100101 1010010110100101 0 0010 0 0000000000000000 1 0 1
1010010110100101 0101101001011010 0 0010 0 1010010110100110 1 0 0
0101101001011010 0000000000000000 0 0010 0 0000000000000000 1 0 1
0101101001011010 1111111111111111 0 0010 0 0101101001011011 1 0 0
0101101001011010 1010010110100101 0 0010 0 0101101001011011 1 0 0
0101101001011010 0101101001011010 0 0010 0 0000000000000000 1 0 1
0000000000000000 0000000000000000 0 0011 0 0000000000000000 1 0 1
0000000000000000 1111111111111111 0 0011 0 0000000000000000 1 0 1
0000000000000000 1010010110100101 0 0011 0 0000000000000000 1 0 1
0000000000000000 0101101001011010 0 0011 0 0000000000000000 1 0 1
1111111111111111 0000000000000000 0 0011 0 0000000000000000 1 0 1
1111111111111111 1111111111111111 0 0011 0 0000000000000000 1 0 1
1111111111111111 1010010110100101 0 0011 0 0000000000000000 1 0 1
1111111111111111 0101101001011010 0 0011 0 0000000000000000 1 0 1
1010010110100101 0000000000000000 0 0011 0 0000000000000000 1 0 1
1010010110100101 1111111111111111 0 0011 0 0000000000000000 1 0 1
1010010110100101 1010010110100101 0 0011 0 0000000000000000 1 0 1
1010010110100101 0101101001011010 0 0011 0 0000000000000000 1 0 1
0101101001011010 0000000000000000 0 0011 0 0000000000000000 1 0 1
0101101001011010 1111111111111111 0 0011 0 0000000000000000 1 0 1
0101101001011010 1010010110100101 0 0011 0 0000000000000000 1 0 1
0101101001011010 0101101001011010 0 0011 0 0000000000000000 1 0 1
0000000000000000 0000000000000000 0 0100 0 0000000000000001 1 0 0
0000000000000000 1111111111111111 0 0100 0 0000000000000001 1 0 0
0000000000000000 1010010110100101 0 0100 0 0000000000000001 1 0 0
0000000000000000 0101101001011010 0 0100 0 0000000000000001 1 0 0
1111111111111111 0000000000000000 0 0100 0 1111111111111111 1 1 1
1111111111111111 1111111111111111 0 0100 0 0000000000000000 1 0 1
1111111111111111 1010010110100101 0 0100 0 0101101001011010 1 1 1
1111111111111111 0101101001011010 0 0100 0 1010010110100101 1 1 1
1010010110100101 0000000000000000 0 0100 0 0100101101001011 1 1 1
1010010110100101 1111111111111111 0 0100 0 1010010110100110 1 0 0
1010010110100101 1010010110100101 0 0100 0 1010010110100110 1 0 0
1010010110100101 0101101001011010 0 0100 0 0100101101001011 1 1 1
0101101001011010 0000000000000000 0 0100 0 1011010010110101 1 1 0
0101101001011010 1111111111111111 0 0100 0 0101101001011011 1 0 0
0101101001011010 1010010110100101 0 0100 0 1011010010110101 1 1 0
0101101001011010 0101101001011010 0 0100 0 0101101001011011 1 0 0
0000000000000000 0000000000000000 0 0101 0 0000000000000001 1 0 0
0000000000000000 1111111111111111 0 0101 0 0000000000000000 1 0 1
0000000000000000 1010010110100101 0 0101 0 1010010110100110 1 0 0
0000000000000000 0101101001011010 0 0101 0 0101101001011011 1 0 0
1111111111111111 0000000000000000 0 0101 0 1111111111111111 1 1 1
1111111111111111 1111111111111111 0 0101 0 0000000000000000 1 0 1
1111111111111111 1010010110100101 0 0101 0 0101101001011010 1 1 1
1111111111111111 0101101001011010 0 0101 0 1010010110100101 1 1 1
1010010110100101 0000000000000000 0 0101 0 0100101101001011 1 1 1
1010010110100101 1111111111111111 0 0101 0 0000000000000000 1 0 1
1010010110100101 1010010110100101 0 0101 0 1010010110100110 1 0 0
1010010110100101 0101101001011010 0 0101 0 1010010110100101 1 1 1
0101101001011010 0000000000000000 0 0101 0 1011010010110101 1 1 0
0101101001011010 1111111111111111 0 0101 0 0000000000000000 1 0 1
0101101001011010 1010010110100101 0 0101 0 0101101001011010 1 1 1
0101101001011010 0101101001011010 0 0101 0 0101101001011011 1 0 0
0000000000000000 0000000000000000 0 0110 0 0000000000000000 1 0 1
0000000000000000 1111111111111111 0 0110 0 0000000000000001 1 0 0
0000000000000000 1010010110100101 0 0110 0 0101101001011011 1 0 0
0000000000000000 0101101001011010 0 0110 0 1010010110100110 1 0 0
1111111111111111 0000000000000000 0 0110 0 1111111111111111 1 1 1
1111111111111111 1111111111111111 0 0110 0 0000000000000000 1 0 1
1111111111111111 1010010110100101 0 0110 0 0101101001011010 1 1 1
1111111111111111 0101101001011010 0 0110 0 1010010110100101 1 1 1
1010010110100101 0000000000000000 0 0110 0 1010010110100101 1 1 1
1010010110100101 1111111111111111 0 0110 0 1010010110100110 1 0 0
1010010110100101 1010010110100101 0 0110 0 0000000000000000 1 0 1
1010010110100101 0101101001011010 0 0110 0 0100101101001011 1 1 1
0101101001011010 0000000000000000 0 0110 0 0101101001011010 1 1 1
0101101001011010 1111111111111111 0 0110 0 0101101001011011 1 0 0
0101101001011010 1010010110100101 0 0110 0 1011010010110101 1 1 0
0101101001011010 0101101001011010 0 0110 0 0000000000000000 1 0 1
0000000000000000 0000000000000000 0 0111 0 0000000000000000 1 0 1
0000000000000000 1111111111111111 0 0111 0 0000000000000000 1 0 1
0000000000000000 1010010110100101 0 0111 0 0000000000000000 1 0 1
0000000000000000 0101101001011010 0 0111 0 0000000000000000 1 0 1
1111111111111111 0000000000000000 0 0111 0 1111111111111111 1 1 1
1111111111111111 1111111111111111 0 0111 0 0000000000000000 1 0 1
1111111111111111 1010010110100101 0 0111 0 0101101001011010 1 1 1
1111111111111111 0101101001011010 0 0111 0 1010010110100101 1 1 1
1010010110100101 0000000000000000 0 0111 0 1010010110100101 1 1 1
1010010110100101 1111111111111111 0 0111 0 0000000000000000 1 0 1
1010010110100101 1010010110100101 0 0111 0 0000000000000000 1 0 1
1010010110100101 0101101001011010 0 0111 0 1010010110100101 1 1 1
0101101001011010 0000000000000000 0 0111 0 0101101001011010 1 1 1
0101101001011010 1111111111111111 0 0111 0 0000000000000000 1 0 1
0101101001011010 1010010110100101 0 0111 0 0101101001011010 1 1 1
0101101001011010 0101101001011010 0 0111 0 0000000000000000 1 0 1
0000000000000000 0000000000000000 0 1000 0 0000000000000001 1 0 0
0000000000000000 1111111111111111 0 1000 0 0000000000000001 1 0 0
0000000000000000 1010010110100101 0 1000 0 0000000000000001 1 0 0
0000000000000000 0101101001011010 0 1000 0 0000000000000001 1 0 0
1111111111111111 0000000000000000 0 1000 0 0000000000000000 1 0 1
1111111111111111 1111111111111111 0 1000 0 1111111111111111 1 1 1
1111111111111111 1010010110100101 0 1000 0 1010010110100101 1 1 1
1111111111111111 0101101001011010 0 1000 0 0101101001011010 1 1 1
1010010110100101 0000000000000000 0 1000 0 1010010110100110 1 0 0
1010010110100101 1111111111111111 0 1000 0 0100101101001011 1 1 1
1010010110100101 1010010110100101 0 1000 0 0100101101001011 1 1 1
1010010110100101 0101101001011010 0 1000 0 1010010110100110 1 0 0
0101101001011010 0000000000000000 0 1000 0 0101101001011011 1 0 0
0101101001011010 1111111111111111 0 1000 0 1011010010110101 1 1 0
0101101001011010 1010010110100101 0 1000 0 0101101001011011 1 0 0
0101101001011010 0101101001011010 0 1000 0 1011010010110101 1 1 0
0000000000000000 0000000000000000 0 1001 0 0000000000000001 1 0 0
0000000000000000 1111111111111111 0 1001 0 0000000000000000 1 0 1
0000000000000000 1010010110100101 0 1001 0 1010010110100110 1 0 0
0000000000000000 0101101001011010 0 1001 0 0101101001011011 1 0 0
1111111111111111 0000000000000000 0 1001 0 0000000000000000 1 0 1
1111111111111111 1111111111111111 0 1001 0 1111111111111111 1 1 1
1111111111111111 1010010110100101 0 1001 0 1010010110100101 1 1 1
1111111111111111 0101101001011010 0 1001 0 0101101001011010 1 1 1
1010010110100101 0000000000000000 0 1001 0 1010010110100110 1 0 0
1010010110100101 1111111111111111 0 1001 0 1010010110100101 1 1 1
1010010110100101 1010010110100101 0 1001 0 0100101101001011 1 1 1
1010010110100101 0101101001011010 0 1001 0 0000000000000000 1 0 1
0101101001011010 0000000000000000 0 1001 0 0101101001011011 1 0 0
0101101001011010 1111111111111111 0 1001 0 0101101001011010 1 1 1
0101101001011010 1010010110100101 0 1001 0 0000000000000000 1 0 1
0101101001011010 0101101001011010 0 1001 0 1011010010110101 1 1 0
0000000000000000 0000000000000000 0 1010 0 0000000000000000 1 0 1
0000000000000000 1111111111111111 0 1010 0 0000000000000001 1 0 0
0000000000000000 1010010110100101 0 1010 0 0101101001011011 1 0 0
0000000000000000 0101101001011010 0 1010 0 1010010110100110 1 0 0
1111111111111111 0000000000000000 0 1010 0 0000000000000000 1 0 1
1111111111111111 1111111111111111 0 1010 0 1111111111111111 1 1 1
1111111111111111 1010010110100101 0 1010 0 1010010110100101 1 1 1
1111111111111111 0101101001011010 0 1010 0 0101101001011010 1 1 1
1010010110100101 0000000000000000 0 1010 0 0000000000000000 1 0 1
1010010110100101 1111111111111111 0 1010 0 0100101101001011 1 1 1
1010010110100101 1010010110100101 0 1010 0 1010010110100101 1 1 1
1010010110100101 0101101001011010 0 1010 0 1010010110100110 1 0 0
0101101001011010 0000000000000000 0 1010 0 0000000000000000 1 0 1
0101101001011010 1111111111111111 0 1010 0 1011010010110101 1 1 0
0101101001011010 1010010110100101 0 1010 0 0101101001011011 1 0 0
0101101001011010 0101101001011010 0 1010 0 0101101001011010 1 1 1
0000000000000000 0000000000000000 0 1011 0 0000000000000000 1 0 1
0000000000000000 1111111111111111 0 1011 0 0000000000000000 1 0 1
0000000000000000 1010010110100101 0 1011 0 0000000000000000 1 0 1
0000000000000000 0101101001011010 0 1011 0 0000000000000000 1 0 1
1111111111111111 0000000000000000 0 1011 0 0000000000000000 1 0 1
1111111111111111 1111111111111111 0 1011 0 1111111111111111 1 1 1
1111111111111111 1010010110100101 0 1011 0 1010010110100101 1 1 1
1111111111111111 0101101001011010 0 1011 0 0101101001011010 1 1 1
1010010110100101 0000000000000000 0 1011 0 0000000000000000 1 0 1
1010010110100101 1111111111111111 0 1011 0 1010010110100101 1 1 1
1010010110100101 1010010110100101 0 1011 0 1010010110100101 1 1 1
1010010110100101 0101101001011010 0 1011 0 0000000000000000 1 0 1
0101101001011010 0000000000000000 0 1011 0 0000000000000000 1 0 1
0101101001011010 1111111111111111 0 1011 0 0101101001011010 1 1 1
0101101001011010 1010010110100101 0 1011 0 0000000000000000 1 0 1
0101101001011010 0101101001011010 0 1011 0 0101101001011010 1 1 1
0000000000000000 0000000000000000 0 1100 0 0000000000000001 1 0 0
0000000000000000 1111111111111111 0 1100 0 0000000000000001 1 0 0
0000000000000000 1010010110100101 0 1100 0 0000000000000001 1 0 0
0000000000000000 0101101001011010 0 1100 0 0000000000000001 1 0 0
1111111111111111 0000000000000000 0 1100 0 1111111111111111 1 1 1
1111111111111111 1111111111111111 0 1100 0 1111111111111111 1 1 1
1111111111111111 1010010110100101 0 1100 0 1111111111111111 1 1 1
1111111111111111 0101101001011010 0 1100 0 1111111111111111 1 1 1
1010010110100101 0000000000000000 0 1100 0 0100101101001011 1 1 1
1010010110100101 1111111111111111 0 1100 0 0100101101001011 1 1 1
1010010110100101 1010010110100101 0 1100 0 0100101101001011 1 1 1
1010010110100101 0101101001011010 0 1100 0 0100101101001011 1 1 1
0101101001011010 0000000000000000 0 1100 0 1011010010110101 1 1 0
0101101001011010 1111111111111111 0 1100 0 1011010010110101 1 1 0
0101101001011010 1010010110100101 0 1100 0 1011010010110101 1 1 0
0101101001011010 0101101001011010 0 1100 0 1011010010110101 1 1 0
0000000000000000 0000000000000000 0 1101 0 0000000000000001 1 0 0
0000000000000000 1111111111111111 0 1101 0 0000000000000000 1 0 1
0000000000000000 1010010110100101 0 1101 0 1010010110100110 1 0 0
0000000000000000 0101101001011010 0 1101 0 0101101001011011 1 0 0
1111111111111111 0000000000000000 0 1101 0 1111111111111111 1 1 1
1111111111111111 1111111111111111 0 1101 0 1111111111111111 1 1 1
1111111111111111 1010010110100101 0 1101 0 1111111111111111 1 1 1
1111111111111111 0101101001011010 0 1101 0 1111111111111111 1 1 1
1010010110100101 0000000000000000 0 1101 0 0100101101001011 1 1 1
1010010110100101 1111111111111111 0 1101 0 1010010110100101 1 1 1
1010010110100101 1010010110100101 0 1101 0 0100101101001011 1 1 1
1010010110100101 0101101001011010 0 1101 0 1010010110100101 1 1 1
0101101001011010 0000000000000000 0 1101 0 1011010010110101 1 1 0
0101101001011010 1111111111111111 0 1101 0 0101101001011010 1 1 1
0101101001011010 1010010110100101 0 1101 0 0101101001011010 1 1 1
0101101001011010 0101101001011010 0 1101 0 1011010010110101 1 1 0
0000000000000000 0000000000000000 0 1110 0 0000000000000000 1 0 1
0000000000000000 1111111111111111 0 1110 0 0000000000000001 1 0 0
0000000000000000 1010010110100101 0 1110 0 0101101001011011 1 0 0
0000000000000000 0101101001011010 0 1110 0 1010010110100110 1 0 0
1111111111111111 0000000000000000 0 1110 0 1111111111111111 1 1 1
1111111111111111 1111111111111111 0 1110 0 1111111111111111 1 1 1
1111111111111111 1010010110100101 0 1110 0 1111111111111111 1 1 1
1111111111111111 0101101001011010 0 1110 0 1111111111111111 1 1 1
1010010110100101 0000000000000000 0 1110 0 1010010110100101 1 1 1
1010010110100101 1111111111111111 0 1110 0 0100101101001011 1 1 1
1010010110100101 1010010110100101 0 1110 0 1010010110100101 1 1 1
1010010110100101 0101101001011010 0 1110 0 0100101101001011 1 1 1
0101101001011010 0000000000000000 0 1110 0 0101101001011010 1 1 1
0101101001011010 1111111111111111 0 1110 0 1011010010110101 1 1 0
0101101001011010 1010010110100101 0 1110 0 1011010010110101 1 1 0
0101101001011010 0101101001011010 0 1110 0 0101101001011010 1 1 1
0000000000000000 0000000000000000 0 1111 0 0000000000000000 1 0 1
0000000000000000 1111111111111111 0 1111 0 0000000000000000 1 0 1
0000000000000000 1010010110100101 0 1111 0 0000000000000000 1 0 1
0000000000000000 0101101001011010 0 1111 0 0000000000000000 1 0 1
1111111111111111 0000000000000000 0 1111 0 1111111111111111 1 1 1
1111111111111111 1111111111111111 0 1111 0 1111111111111111 1 1 1
1111111111111111 1010010110100101 0 1111 0 1111111111111111 1 1 1
1111111111111111 0101101001011010 0 1111 0 1111111111111111 1 1 1
1010010110100101 0000000000000000 0 1111 0 1010010110100101 1 1 1
1010010110100101 1111111111111111 0 1111 0 1010010110100101 1 1 1
1010010110100101 1010010110100101 0 1111 0 1010010110100101 1 1 1
1010010110100101 0101101001011010 0 1111 0 1010010110100101 1 1 1
0101101001011010 0000000000000000 0 1111 0 0101101001011010 1 1 1
0101101001011010 1111111111111111 0 1111 0 0101101001011010 1 1 1
0101101001011010 1010010110100101 0 1111 0 0101101001011010 1 1 1
0101101001011010 0101101001011010 0 1111 0 0101101001011010 1 1 1
0000000000000000 0000000000000000 0 0000 1 0000000000000000 1 0 0
0000000000000000 1111111111111111 0 0000 1 0000000000000000 1 0 0
0000000000000000 1010010110100101 0 0000 1 0000000000000000 1 0 0
0000000000000000 0101101001011010 0 0000 1 0000000000000000 1 0 0
1111111111111111 0000000000000000 0 0000 1 1111111111111111 1 0 1
1111111111111111 1111111111111111 0 0000 1 1111111111111111 1 0 1
1111111111111111 1010010110100101 0 0000 1 1111111111111111 1 0 1
1111111111111111 0101101001011010 0 0000 1 1111111111111111 1 0 1
1010010110100101 0000000000000000 0 0000 1 1010010110100101 1 0 0
1010010110100101 1111111111111111 0 0000 1 1010010110100101 1 0 0
1010010110100101 1010010110100101 0 0000 1 1010010110100101 1 0 0
1010010110100101 0101101001011010 0 0000 1 1010010110100101 1 0 0
0101101001011010 0000000000000000 0 0000 1 0101101001011010 1 0 0
0101101001011010 1111111111111111 0 0000 1 0101101001011010 1 0 0
0101101001011010 1010010110100101 0 0000 1 0101101001011010 1 0 0
0101101001011010 0101101001011010 0 0000 1 0101101001011010 1 0 0
0000000000000000 0000000000000000 0 0001 1 0000000000000000 1 0 0
0000000000000000 1111111111111111 0 0001 1 1111111111111111 1 0 1
0000000000000000 1010010110100101 0 0001 1 1010010110100101 1 0 0
0000000000000000 0101101001011010 0 0001 1 0101101001011010 1 0 0
1111111111111111 0000000000000000 0 0001 1 1111111111111111 1 0 1
1111111111111111 1111111111111111 0 0001 1 1111111111111111 1 0 1
1111111111111111 1010010110100101 0 0001 1 1111111111111111 1 0 1
1111111111111111 0101101001011010 0 0001 1 1111111111111111 1 0 1
1010010110100101 0000000000000000 0 0001 1 1010010110100101 1 0 0
1010010110100101 1111111111111111 0 0001 1 1111111111111111 1 0 1
1010010110100101 1010010110100101 0 0001 1 1010010110100101 1 0 0
1010010110100101 0101101001011010 0 0001 1 1111111111111111 1 0 1
0101101001011010 0000000000000000 0 0001 1 0101101001011010 1 0 0
0101101001011010 1111111111111111 0 0001 1 1111111111111111 1 0 1
0101101001011010 1010010110100101 0 0001 1 1111111111111111 1 0 1
0101101001011010 0101101001011010 0 0001 1 0101101001011010 1 0 0
0000000000000000 0000000000000000 0 0010 1 1111111111111111 1 0 1
0000000000000000 1111111111111111 0 0010 1 0000000000000000 1 0 0
0000000000000000 1010010110100101 0 0010 1 0101101001011010 1 0 0
0000000000000000 0101101001011010 0 0010 1 1010010110100101 1 0 0
1111111111111111 0000000000000000 0 0010 1 1111111111111111 1 0 1
1111111111111111 1111111111111111 0 0010 1 1111111111111111 1 0 1
1111111111111111 1010010110100101 0 0010 1 1111111111111111 1 0 1
1111111111111111 0101101001011010 0 0010 1 1111111111111111 1 0 1
1010010110100101 0000000000000000 0 0010 1 1111111111111111 1 0 1
1010010110100101 1111111111111111 0 0010 1 1010010110100101 1 0 0
1010010110100101 1010010110100101 0 0010 1 1111111111111111 1 0 1
1010010110100101 0101101001011010 0 0010 1 1010010110100101 1 0 0
0101101001011010 0000000000000000 0 0010 1 1111111111111111 1 0 1
0101101001011010 1111111111111111 0 0010 1 0101101001011010 1 0 0
0101101001011010 1010010110100101 0 0010 1 0101101001011010 1 0 0
0101101001011010 0101101001011010 0 0010 1 1111111111111111 1 0 1
0000000000000000 0000000000000000 0 0011 1 1111111111111111 1 0 1
0000000000000000 1111111111111111 0 0011 1 1111111111111111 1 0 1
0000000000000000 1010010110100101 0 0011 1 1111111111111111 1 0 1
0000000000000000 0101101001011010 0 0011 1 1111111111111111 1 0 1
1111111111111111 0000000000000000 0 0011 1 1111111111111111 1 0 1
1111111111111111 1111111111111111 0 0011 1 1111111111111111 1 0 1
1111111111111111 1010010110100101 0 0011 1 1111111111111111 1 0 1
1111111111111111 0101101001011010 0 0011 1 1111111111111111 1 0 1
1010010110100101 0000000000000000 0 0011 1 1111111111111111 1 0 1
1010010110100101 1111111111111111 0 0011 1 1111111111111111 1 0 1
1010010110100101 1010010110100101 0 0011 1 1111111111111111 1 0 1
1010010110100101 0101101001011010 0 0011 1 1111111111111111 1 0 1
0101101001011010 0000000000000000 0 0011 1 1111111111111111 1 0 1
0101101001011010 1111111111111111 0 0011 1 1111111111111111 1 0 1
0101101001011010 1010010110100101 0 0011 1 1111111111111111 1 0 1
0101101001011010 0101101001011010 0 0011 1 1111111111111111 1 0 1
0000000000000000 0000000000000000 0 0100 1 0000000000000000 1 0 0
0000000000000000 1111111111111111 0 0100 1 0000000000000000 1 0 0
0000000000000000 1010010110100101 0 0100 1 0000000000000000 1 0 0
0000000000000000 0101101001011010 0 0100 1 0000000000000000 1 0 0
1111111111111111 0000000000000000 0 0100 1 1111111111111110 1 1 1
1111111111111111 1111111111111111 0 0100 1 1111111111111111 1 0 1
1111111111111111 1010010110100101 0 0100 1 0101101001011001 1 1 1
1111111111111111 0101101001011010 0 0100 1 1010010110100100 1 1 1
1010010110100101 0000000000000000 0 0100 1 0100101101001010 1 1 1
1010010110100101 1111111111111111 0 0100 1 1010010110100101 1 0 0
1010010110100101 1010010110100101 0 0100 1 1010010110100101 1 0 0
1010010110100101 0101101001011010 0 0100 1 0100101101001010 1 1 1
0101101001011010 0000000000000000 0 0100 1 1011010010110100 1 1 0
0101101001011010 1111111111111111 0 0100 1 0101101001011010 1 0 0
0101101001011010 1010010110100101 0 0100 1 1011010010110100 1 1 0
0101101001011010 0101101001011010 0 0100 1 0101101001011010 1 0 0
0000000000000000 0000000000000000 0 0101 1 0000000000000000 1 0 0
0000000000000000 1111111111111111 0 0101 1 1111111111111111 1 0 1
0000000000000000 1010010110100101 0 0101 1 1010010110100101 1 0 0
0000000000000000 0101101001011010 0 0101 1 0101101001011010 1 0 0
1111111111111111 0000000000000000 0 0101 1 1111111111111110 1 1 1
1111111111111111 1111111111111111 0 0101 1 1111111111111111 1 0 1
1111111111111111 1010010110100101 0 0101 1 0101101001011001 1 1 1
1111111111111111 0101101001011010 0 0101 1 1010010110100100 1 1 1
1010010110100101 0000000000000000 0 0101 1 0100101101001010 1 1 1
1010010110100101 1111111111111111 0 0101 1 1111111111111111 1 0 1
1010010110100101 1010010110100101 0 0101 1 1010010110100101 1 0 0
1010010110100101 0101101001011010 0 0101 1 1010010110100100 1 1 1
0101101001011010 0000000000000000 0 0101 1 1011010010110100 1 1 0
0101101001011010 1111111111111111 0 0101 1 1111111111111111 1 0 1
0101101001011010 1010010110100101 0 0101 1 0101101001011001 1 1 1
0101101001011010 0101101001011010 0 0101 1 0101101001011010 1 0 0
0000000000000000 0000000000000000 0 0110 1 1111111111111111 1 0 1
0000000000000000 1111111111111111 0 0110 1 0000000000000000 1 0 0
0000000000000000 1010010110100101 0 0110 1 0101101001011010 1 0 0
0000000000000000 0101101001011010 0 0110 1 1010010110100101 1 0 0
1111111111111111 0000000000000000 0 0110 1 1111111111111110 1 1 1
1111111111111111 1111111111111111 0 0110 1 1111111111111111 1 0 1
1111111111111111 1010010110100101 0 0110 1 0101101001011001 1 1 1
1111111111111111 0101101001011010 0 0110 1 1010010110100100 1 1 1
1010010110100101 0000000000000000 0 0110 1 1010010110100100 1 1 1
1010010110100101 1111111111111111 0 0110 1 1010010110100101 1 0 0
1010010110100101 1010010110100101 0 0110 1 1111111111111111 1 0 1
1010010110100101 0101101001011010 0 0110 1 0100101101001010 1 1 1
0101101001011010 0000000000000000 0 0110 1 0101101001011001 1 1 1
0101101001011010 1111111111111111 0 0110 1 0101101001011010 1 0 0
0101101001011010 1010010110100101 0 0110 1 1011010010110100 1 1 0
0101101001011010 0101101001011010 0 0110 1 1111111111111111 1 0 1
0000000000000000 0000000000000000 0 0111 1 1111111111111111 1 0 1
0000000000000000 1111111111111111 0 0111 1 1111111111111111 1 0 1
0000000000000000 1010010110100101 0 0111 1 1111111111111111 1 0 1
0000000000000000 0101101001011010 0 0111 1 1111111111111111 1 0 1
1111111111111111 0000000000000000 0 0111 1 1111111111111110 1 1 1
1111111111111111 1111111111111111 0 0111 1 1111111111111111 1 0 1
1111111111111111 1010010110100101 0 0111 1 0101101001011001 1 1 1
1111111111111111 0101101001011010 0 0111 1 1010010110100100 1 1 1
1010010110100101 0000000000000000 0 0111 1 1010010110100100 1 1 1
1010010110100101 1111111111111111 0 0111 1 1111111111111111 1 0 1
1010010110100101 1010010110100101 0 0111 1 1111111111111111 1 0 1
1010010110100101 0101101001011010 0 0111 1 1010010110100100 1 1 1
0101101001011010 0000000000000000 0 0111 1 0101101001011001 1 1 1
0101101001011010 1111111111111111 0 0111 1 1111111111111111 1 0 1
0101101001011010 1010010110100101 0 0111 1 0101101001011001 1 1 1
0101101001011010 0101101001011010 0 0111 1 1111111111111111 1 0 1
0000000000000000 0000000000000000 0 1000 1 0000000000000000 1 0 0
0000000000000000 1111111111111111 0 1000 1 0000000000000000 1 0 0
0000000000000000 1010010110100101 0 1000 1 0000000000000000 1 0 0
0000000000000000 0101101001011010 0 1000 1 0000000000000000 1 0 0
1111111111111111 0000000000000000 0 1000 1 1111111111111111 1 0 1
1111111111111111 1111111111111111 0 1000 1 1111111111111110 1 1 1
1111111111111111 1010010110100101 0 1000 1 1010010110100100 1 1 1
1111111111111111 0101101001011010 0 1000 1 0101101001011001 1 1 1
1010010110100101 0000000000000000 0 1000 1 1010010110100101 1 0 0
1010010110100101 1111111111111111 0 1000 1 0100101101001010 1 1 1
1010010110100101 1010010110100101 0 1000 1 0100101101001010 1 1 1
1010010110100101 0101101001011010 0 1000 1 1010010110100101 1 0 0
0101101001011010 0000000000000000 0 1000 1 0101101001011010 1 0 0
0101101001011010 1111111111111111 0 1000 1 1011010010110100 1 1 0
0101101001011010 1010010110100101 0 1000 1 0101101001011010 1 0 0
0101101001011010 0101101001011010 0 1000 1 1011010010110100 1 1 0
0000000000000000 0000000000000000 0 1001 1 0000000000000000 1 0 0
0000000000000000 1111111111111111 0 1001 1 1111111111111111 1 0 1
0000000000000000 1010010110100101 0 1001 1 1010010110100101 1 0 0
0000000000000000 0101101001011010 0 1001 1 0101101001011010 1 0 0
1111111111111111 0000000000000000 0 1001 1 1111111111111111 1 0 1
1111111111111111 1111111111111111 0 1001 1 1111111111111110 1 1 1
1111111111111111 1010010110100101 0 1001 1 1010010110100100 1 1 1
1111111111111111 0101101001011010 0 1001 1 0101101001011001 1 1 1
1010010110100101 0000000000000000 0 1001 1 1010010110100101 1 0 0
1010010110100101 1111111111111111 0 1001 1 1010010110100100 1 1 1
1010010110100101 1010010110100101 0 1001 1 0100101101001010 1 1 1
1010010110100101 0101101001011010 0 1001 1 1111111111111111 1 0 1
0101101001011010 0000000000000000 0 1001 1 0101101001011010 1 0 0
0101101001011010 1111111111111111 0 1001 1 0101101001011001 1 1 1
0101101001011010 1010010110100101 0 1001 1 1111111111111111 1 0 1
0101101001011010 0101101001011010 0 1001 1 1011010010110100 1 1 0
0000000000000000 0000000000000000 0 1010 1 1111111111111111 1 0 1
0000000000000000 1111111111111111 0 1010 1 0000000000000000 1 0 0
0000000000000000 1010010110100101 0 1010 1 0101101001011010 1 0 0
0000000000000000 0101101001011010 0 1010 1 1010010110100101 1 0 0
1111111111111111 0000000000000000 0 1010 1 1111111111111111 1 0 1
1111111111111111 1111111111111111 0 1010 1 1111111111111110 1 1 1
1111111111111111 1010010110100101 0 1010 1 1010010110100100 1 1 1
1111111111111111 0101101001011010 0 1010 1 0101101001011001 1 1 1
1010010110100101 0000000000000000 0 1010 1 1111111111111111 1 0 1
1010010110100101 1111111111111111 0 1010 1 0100101101001010 1 1 1
1010010110100101 1010010110100101 0 1010 1 1010010110100100 1 1 1
1010010110100101 0101101001011010 0 1010 1 1010010110100101 1 0 0
0101101001011010 0000000000000000 0 1010 1 1111111111111111 1 0 1
0101101001011010 1111111111111111 0 1010 1 1011010010110100 1 1 0
0101101001011010 1010010110100101 0 1010 1 0101101001011010 1 0 0
0101101001011010 0101101001011010 0 1010 1 0101101001011001 1 1 1
0000000000000000 0000000000000000 0 1011 1 1111111111111111 1 0 1
0000000000000000 1111111111111111 0 1011 1 1111111111111111 1 0 1
0000000000000000 1010010110100101 0 1011 1 1111111111111111 1 0 1
0000000000000000 0101101001011010 0 1011 1 1111111111111111 1 0 1
1111111111111111 0000000000000000 0 1011 1 1111111111111111 1 0 1
1111111111111111 1111111111111111 0 1011 1 1111111111111110 1 1 1
1111111111111111 1010010110100101 0 1011 1 1010010110100100 1 1 1
1111111111111111 0101101001011010 0 1011 1 0101101001011001 1 1 1
1010010110100101 0000000000000000 0 1011 1 1111111111111111 1 0 1
1010010110100101 1111111111111111 0 1011 1 1010010110100100 1 1 1
1010010110100101 1010010110100101 0 1011 1 1010010110100100 1 1 1
1010010110100101 0101101001011010 0 1011 1 1111111111111111 1 0 1
0101101001011010 0000000000000000 0 1011 1 1111111111111111 1 0 1
0101101001011010 1111111111111111 0 1011 1 0101101001011001 1 1 1
0101101001011010 1010010110100101 0 1011 1 1111111111111111 1 0 1
0101101001011010 0101101001011010 0 1011 1 0101101001011001 1 1 1
0000000000000000 0000000000000000 0 1100 1 0000000000000000 1 0 0
0000000000000000 1111111111111111 0 1100 1 0000000000000000 1 0 0
0000000000000000 1010010110100101 0 1100 1 0000000000000000 1 0 0
0000000000000000 0101101001011010 0 1100 1 0000000000000000 1 0 0
1111111111111111 0000000000000000 0 1100 1 1111111111111110 1 1 1
1111111111111111 1111111111111111 0 1100 1 1111111111111110 1 1 1
1111111111111111 1010010110100101 0 1100 1 1111111111111110 1 1 1
1111111111111111 0101101001011010 0 1100 1 1111111111111110 1 1 1
1010010110100101 0000000000000000 0 1100 1 0100101101001010 1 1 1
1010010110100101 1111111111111111 0 1100 1 0100101101001010 1 1 1
1010010110100101 1010010110100101 0 1100 1 0100101101001010 1 1 1
1010010110100101 0101101001011010 0 1100 1 0100101101001010 1 1 1
0101101001011010 0000000000000000 0 1100 1 1011010010110100 1 1 0
0101101001011010 1111111111111111 0 1100 1 1011010010110100 1 1 0
0101101001011010 1010010110100101 0 1100 1 1011010010110100 1 1 0
0101101001011010 0101101001011010 0 1100 1 1011010010110100 1 1 0
0000000000000000 0000000000000000 0 1101 1 0000000000000000 1 0 0
0000000000000000 1111111111111111 0 1101 1 1111111111111111 1 0 1
0000000000000000 1010010110100101 0 1101 1 1010010110100101 1 0 0
0000000000000000 0101101001011010 0 1101 1 0101101001011010 1 0 0
1111111111111111 0000000000000000 0 1101 1 1111111111111110 1 1 1
1111111111111111 1111111111111111 0 1101 1 1111111111111110 1 1 1
1111111111111111 1010010110100101 0 1101 1 1111111111111110 1 1 1
1111111111111111 0101101001011010 0 1101 1 1111111111111110 1 1 1
1010010110100101 0000000000000000 0 1101 1 0100101101001010 1 1 1
1010010110100101 1111111111111111 0 1101 1 1010010110100100 1 1 1
1010010110100101 1010010110100101 0 1101 1 0100101101001010 1 1 1
1010010110100101 0101101001011010 0 1101 1 1010010110100100 1 1 1
0101101001011010 0000000000000000 0 1101 1 1011010010110100 1 1 0
0101101001011010 1111111111111111 0 1101 1 0101101001011001 1 1 1
0101101001011010 1010010110100101 0 1101 1 0101101001011001 1 1 1
0101101001011010 0101101001011010 0 1101 1 1011010010110100 1 1 0
0000000000000000 0000000000000000 0 1110 1 1111111111111111 1 0 1
0000000000000000 1111111111111111 0 1110 1 0000000000000000 1 0 0
0000000000000000 1010010110100101 0 1110 1 0101101001011010 1 0 0
0000000000000000 0101101001011010 0 1110 1 1010010110100101 1 0 0
1111111111111111 0000000000000000 0 1110 1 1111111111111110 1 1 1
1111111111111111 1111111111111111 0 1110 1 1111111111111110 1 1 1
1111111111111111 1010010110100101 0 1110 1 1111111111111110 1 1 1
1111111111111111 0101101001011010 0 1110 1 1111111111111110 1 1 1
1010010110100101 0000000000000000 0 1110 1 1010010110100100 1 1 1
1010010110100101 1111111111111111 0 1110 1 0100101101001010 1 1 1
1010010110100101 1010010110100101 0 1110 1 1010010110100100 1 1 1
1010010110100101 0101101001011010 0 1110 1 0100101101001010 1 1 1
0101101001011010 0000000000000000 0 1110 1 0101101001011001 1 1 1
0101101001011010 1111111111111111 0 1110 1 1011010010110100 1 1 0
0101101001011010 1010010110100101 0 1110 1 1011010010110100 1 1 0
0101101001011010 0101101001011010 0 1110 1 0101101001011001 1 1 1
0000000000000000 0000000000000000 0 1111 1 1111111111111111 1 0 1
0000000000000000 1111111111111111 0 1111 1 1111111111111111 1 0 1
0000000000000000 1010010110100101 0 1111 1 1111111111111111 1 0 1
0000000000000000 0101101001011010 0 1111 1 1111111111111111 1 0 1
1111111111111111 0000000000000000 0 1111 1 1111111111111110 1 1 1
1111111111111111 1111111111111111 0 1111 1 1111111111111110 1 1 1
1111111111111111 1010010110100101 0 1111 1 1111111111111110 1 1 1
1111111111111111 0101101001011010 0 1111 1 1111111111111110 1 1 1
1010010110100101 0000000000000000 0 1111 1 1010010110100100 1 1 1
1010010110100101 1111111111111111 0 1111 1 1010010110100100 1 1 1
1010010110100101 1010010110100101 0 1111 1 1010010110100100 1 1 1
1010010110100101 0101101001011010 0 1111 1 1010010110100100 1 1 1
0101101001011010 0000000000000000 0 1111 1 0101101001011001 1 1 1
0101101001011010 1111111111111111 0 1111 1 0101101001011001 1 1 1
0101101001011010 1010010110100101 0 1111 1 0101101001011001 1 1 1
0101101001011010 0101101001011010 0 1111 1 0101101001011001 1 1 1
